0 111101101101111
0 111101101101110
0 111101101101011
0 011101101101111
0 010101101101111
0 110101101101111
0 110101101101011
0 110101101101110
0 010101101101111
0 010101101101010
0 010101101101110
0 010101101101011
0 010101101101011
0 011101101101010
0 110101101101010
1 110010010010111
1 010110010010111
1 010010010010111
1 010010010010110
1 010010010010010
1 010010010010011
1 010110010010110
1 010110010010011
1 000110010010010
1 000110010010110
1 000110010010111
1 000110010010010
1 000110010010011
2 111001111100011
2 111001111100110
2 111001011100111
2 111001110100111
2 110001111100111
2 011001111100111
2 010001111100111
2 111001110100111
2 111001010100111
2 111001111100010
2 110001111100010
2 110001011100111
2 110001010100111
3 111001111001111
3 111001011001111
3 111001011001011
3 011001011001011
3 011001111001111
3 110001111001111
3 110001111001110
3 111001110001111
3 110001011001110
4 101101111001001
4 101101011001001
4 101101011001000
4 001101011001001
4 000101111001001
4 001101111001001
4 000101110001001
4 000100111001001
4 100100111001001
5 111100111001111
5 111100111001110
5 111100110001110
5 111100010001110
5 011100010001110
6 111100111101111
6 111100111101110
6 111100110101110
6 111100110101111
6 111100010101111
6 011100110101111
6 110100110101111
6 110100111101111
6 010100111101111
6 110100111101111
6 110100011101111
6 110100011101011
6 110100110101110
6 010100110101110
6 010100110101010
7 111001001001001
7 111001001001000
7 110001001001001
7 011001001001001
7 011001011001001
7 111001011001001
7 110001011001001
7 110001011001000
7 110001001001001
7 010001001001001
8 111101010101111
8 111101011101111
8 111101111101111
8 111101111101010
8 110101011101111
8 010101011101111
8 010101010101010
9 111101111001111
9 111101011001111
9 011101111001111
9 110101111001111
9 110101111001110
9 110101111001010
9 110101111001011
9 110101011001011
9 010101011001011
9 010101011001010
